sex,age,1991,1992,1993,1994,1995,1996,1997,1998,1999,2000,2001,2002,2003,2004,2005,2006,2007,2008,2009,2010,2011,2012
0,0,399548,397292,389567,371874,371989,380925,384793,381204,383957,388839,404049,400457,395315,394344,397897,399100,409471,403744,408013,419115,423135,420230
0,1,395294,395897,393218,385468,367965,368710,377392,381136,377855,385327,389754,405337,401206,395762,393777,397565,400418,411304,405090,406508,417627,421749
0,2,401225,397680,397730,394884,387109,369599,370929,379148,382792,380111,387649,391712,407765,403070,397394,394427,399537,402223,412762,404778,406183,417304
0,3,399805,401144,397587,397523,394636,386783,369202,370960,378851,385502,382878,390371,394324,410841,405691,399812,397890,401370,405242,413145,405210,406612
0,4,407266,401616,402614,399205,398918,395932,388010,370303,372561,381526,388290,385657,393191,397188,414231,408624,404076,401147,404548,405877,413781,405892
0,5,403181,408366,402608,403529,400254,399751,396750,388705,371024,374544,383862,390633,388021,395503,399870,417463,410865,407415,403672,404942,406296,414173
0,6,397941,403859,409052,403505,404326,401259,400694,397667,389693,373377,376514,386145,392957,390336,397801,402587,421014,413292,409847,404225,405496,406870
0,7,392061,398632,404022,409362,403860,404531,401629,400939,397885,392015,375696,378462,388365,395169,392599,399420,404760,422753,414887,410484,404867,406121
0,8,419174,393086,399577,404652,409986,404600,405240,402802,402073,399926,394403,378010,380509,390580,397393,394530,402127,406649,424839,415821,411429,405806
0,9,423513,419978,394100,400742,405424,410785,405573,406242,404263,405107,401849,396684,380269,382488,392792,398947,397258,403879,408224,425852,416839,412429
0,10,424202,423648,419554,394057,400752,405031,410575,405306,406280,407809,408141,403944,399079,382569,384567,394317,401690,399361,405436,409521,427165,418138
0,11,401734,424585,424105,419663,394374,401097,405046,410876,406150,410403,411010,410959,405984,401326,384868,385984,397360,403427,400561,406747,410855,428514
0,12,392733,403271,425698,425335,420326,395165,401895,405474,411559,409599,414239,414061,413700,407975,403595,386526,387884,399895,404539,401932,408136,412252
0,13,396889,393616,404266,426515,426105,420643,395729,402518,406193,414480,412630,417752,416839,416161,409950,405169,388560,389406,401463,405700,403124,409328
0,14,386863,398392,394625,405478,427384,426939,421042,396344,403527,408163,417126,415343,420906,419418,418616,411660,406796,389329,391372,402562,406856,404275
0,15,400819,388090,399468,395421,406360,427954,427643,421424,397402,403734,409794,419418,417789,423538,421801,420200,414176,407997,391168,392213,403447,407808
0,16,429139,401345,389228,400657,396313,407287,428919,428791,422715,396675,403927,411404,421723,419771,426452,424116,424492,418510,413730,392043,393170,404471
0,17,457558,429370,401338,390006,401100,396267,407509,428869,429338,421677,396540,404888,413984,424081,422917,429240,426522,427002,419618,414248,392601,393846
0,18,468222,455141,427402,399463,388877,399704,394897,406308,427701,426103,420079,395871,405264,415743,426580,425749,430075,425678,425931,419334,414045,392453
0,19,466347,463620,451321,423645,395537,385646,396587,391540,403508,423495,422011,417514,394043,405221,416874,428280,423897,427003,423251,424479,417933,412671
0,20,453454,461204,458964,446721,419337,390714,381756,392735,387804,397710,418506,417095,413890,391524,403541,417308,422672,418275,421825,420243,421488,414980
0,21,445676,448374,456925,454471,442108,415009,387016,377585,388671,383129,392524,414160,412719,410758,389290,403677,409488,413791,410138,418807,417302,418549
0,22,436161,440493,443562,452410,449829,437695,411209,383658,374107,384838,379561,388537,410867,409434,408721,389509,396715,403386,406453,407570,416300,414838
0,23,434134,432324,437087,439663,448672,446294,434493,408401,382702,371326,382279,377290,385850,408765,407689,409471,384925,391583,398540,404609,405838,414644
0,24,442827,431403,430037,434010,436025,445362,443256,431619,406289,380660,369665,381074,376051,384209,407835,408521,406753,382208,387981,397305,403476,404859
0,25,445139,441264,430053,427752,431117,433110,442813,441067,429899,404397,379584,369102,380662,375593,383475,408986,406600,404064,380502,387300,396768,403116
0,26,450981,445467,442373,429814,426777,430199,432166,442362,441367,428696,403662,379718,369586,381141,375970,384670,408551,405276,402637,380322,387345,396981
0,27,448003,452562,446913,443012,429231,426117,429558,431496,442294,440979,428655,404107,380680,370708,382051,377556,385526,407765,404392,402950,380820,388019
0,28,435517,448867,453629,446670,442445,428273,425026,428898,431091,442118,441590,429711,405391,382402,372551,383373,379009,386501,409123,405294,403999,382134
0,29,441899,437859,451217,454954,446920,442821,428276,425113,429399,432755,443212,443537,431860,407779,384837,375156,386280,380237,388038,411151,407527,406443
0,30,442308,442959,439364,451809,455300,447050,443546,428900,426304,431211,435048,445067,445978,434618,410053,387070,377582,388262,381737,390514,413786,410364
0,31,443694,443703,444444,440074,452064,455683,447037,444104,429097,428916,433351,437895,447243,448764,437084,411865,390779,379882,389203,384263,393175,416157
0,32,434449,444309,444332,444247,439324,451228,455200,446266,443976,431182,431342,435477,440500,449373,450947,438540,415375,393317,381670,391300,386499,395250
0,33,436749,434915,445140,444028,443890,438646,450748,455256,446088,445815,433101,433675,437206,442735,450783,452098,441604,417426,395351,383145,392817,387876
0,34,435003,437283,435357,445033,443124,443094,437689,450178,454881,447056,447460,434902,435631,438600,444232,451345,455031,443265,419519,396403,384205,394050
0,35,434809,435452,437716,434920,444466,441833,442332,436970,449435,455521,447910,448680,436283,437115,439263,444751,454220,456454,444581,420071,396984,384957
0,36,436802,434809,435847,437428,434111,443609,440450,441627,436078,450082,455985,448699,449683,437506,438041,439327,445976,456248,458635,444977,420467,397647
0,37,431898,436653,434402,435027,436414,432625,442169,438622,440212,436559,450632,456448,449276,450436,438193,438082,442389,448579,458440,458849,445246,420914
0,38,442201,431486,436374,433501,434016,435398,431332,441012,436793,440584,437102,451146,456830,449909,451044,438570,439603,442649,449703,458599,458930,445510
0,39,436256,442109,431520,436103,432809,433197,434600,430098,439711,437520,441032,437642,451784,457185,450322,451186,439501,440589,443408,449916,458811,459200
0,40,457176,435329,440952,430388,434958,431127,431685,433192,428223,439394,438032,441254,437920,451996,457076,450153,451540,441211,441250,443282,449761,458803
0,41,452902,455890,434172,439371,429027,433710,429292,430110,431508,428061,438903,438317,441298,438056,451939,456500,452071,452305,441009,440947,442960,449601
0,42,455594,451500,454397,432748,437620,427436,432177,427432,428285,431185,427790,438283,438666,441369,438061,451709,457399,452763,450574,440681,440609,442687
0,43,449148,453993,449871,452466,431206,435626,425775,430676,425439,427638,430578,427287,437398,438717,441069,437689,451933,457267,453404,449939,440103,440105
0,44,427667,447777,452330,448224,450602,429577,433722,424144,429074,424668,426844,429879,426697,436441,438515,440660,437252,451390,457110,452616,449148,439398
0,45,327131,425556,445422,449970,445890,448024,427610,431489,422179,428126,423742,425889,429010,425998,435395,438005,440407,437303,451133,456174,451683,448357
0,46,321500,325387,423473,443080,447496,443524,445352,425584,429096,421122,427101,422670,424882,427938,425185,434264,437747,438797,436725,450093,455198,450784
0,47,315721,320480,324028,421746,441083,445353,441579,443060,423762,428400,419865,425771,421349,423711,426685,424036,433984,437335,437749,435579,448850,454069
0,48,296043,313972,318784,321969,419442,438513,442791,439218,440397,422509,427498,418407,424363,419960,422362,425069,423746,433533,435149,436460,434279,447673
0,49,266098,294748,312664,317470,320287,417282,436115,440186,436765,439320,421171,426418,416928,422778,418519,420780,424469,422099,432629,433605,434987,432883
0,50,280079,264728,292824,310806,315710,318001,414585,433196,437127,435339,438103,419672,425266,415294,421112,416676,420099,423368,420225,431080,432102,433513
0,51,294831,278253,263210,291004,308932,313998,315957,412144,430422,435958,433740,436693,417879,423750,413440,419026,414689,418349,420899,418487,429335,430584
0,52,292581,293075,276560,261882,289218,307154,312336,313876,409504,429233,434677,432028,435195,416060,422301,411526,418145,413617,416397,418979,416622,427256
0,53,290944,290514,291045,274629,260526,287316,305385,310745,311957,407991,427753,433119,430032,433342,414078,420288,410274,415966,412599,414353,416818,414679
0,54,295103,288788,288177,288687,272346,258828,284880,303015,308476,310727,406437,426171,431414,427966,431543,411915,417801,407674,414200,410468,412247,414604
0,55,291232,292413,286237,285463,286040,269868,256808,282344,300479,306605,309050,404457,424099,429323,425663,429183,409349,415047,405633,411652,408050,409852
0,56,298547,288404,289618,283589,282856,283462,267417,255098,280207,298620,304610,307434,402299,421772,427218,423040,426815,407105,413278,402983,409028,405479
0,57,291686,295411,285165,286381,280543,279702,280460,264495,252768,278589,296511,302312,305352,399625,419272,424369,421137,424552,404513,410082,399941,406026
0,58,301482,288347,292292,282031,283432,277721,276777,277834,262074,250713,277013,294483,300039,303307,397068,416248,421274,418048,421590,401447,406989,396905
0,59,296379,297934,284924,288972,278561,280061,274533,273569,274701,260092,248549,275179,292099,297440,301110,393933,412694,418285,413786,418079,398221,403582
0,60,299038,291949,293469,280662,285213,274520,276086,271106,270150,272111,257784,246020,272936,289422,294660,298504,390634,408569,414430,410103,414452,394806
0,61,282094,294595,287913,289234,276765,281460,270602,272421,267626,267234,269339,255237,243424,270604,286788,291645,295560,387591,403992,410503,406277,410640
0,62,278744,277386,289607,283288,284696,272394,277218,266280,268483,264585,264232,266299,252498,240540,268077,283815,287742,291815,382272,399992,406410,402234
0,63,268579,273503,272331,284273,278354,279563,267505,272741,261769,265052,261141,260972,263110,249445,237561,265166,280179,284296,287893,378151,395654,402052
0,64,265272,263850,268570,267309,278917,273344,274493,262703,268259,258015,261372,257549,257324,259564,246236,234263,261985,276979,280607,284440,373677,391012
0,65,258470,259572,258227,262793,261811,272618,267684,268733,257323,263880,254270,257525,253828,253530,256004,242638,230716,257760,272739,277041,280770,368862
0,66,246078,252970,253822,252727,257042,256098,266307,262211,263217,253141,259126,250117,253426,249774,249640,252001,237902,227272,253399,268865,273212,276948
0,67,242040,240254,247026,248006,247023,251024,250310,259940,256462,258422,248694,254320,245766,249131,245669,245399,248102,234910,223208,249674,264839,269167
0,68,236154,235785,234293,240739,241980,240876,244592,244329,253516,250997,253448,244104,249078,241274,244876,241267,240493,244223,231149,219708,245779,260639
0,69,237588,229892,229456,228042,234250,235369,234266,237823,237856,247914,245245,247976,239054,243438,236534,239874,236208,235937,239238,226949,215685,241404
0,70,236231,230439,223037,222596,221576,227317,228579,227678,231115,231872,241961,239450,242375,233752,238031,231404,234988,231203,231535,234476,222578,211514
0,71,138673,228657,223347,216269,216042,215090,220228,221655,220787,224555,225799,235836,233230,236374,228327,232218,226282,229634,225937,226646,229604,217922
0,72,116604,133946,220822,216012,209159,208990,207923,212671,214248,214099,217941,219240,229349,226678,230595,222267,226297,220850,223791,220566,221388,224378
0,73,98897,112090,128956,212511,208595,201732,201447,200664,205245,207137,207185,211131,212476,222565,220240,224150,215887,220919,214820,218031,215007,215877
0,74,88944,94974,107570,124133,204150,200672,194227,193990,193399,197753,199859,200091,203958,205300,215569,213256,217297,208757,214620,208578,211993,208991
0,75,105730,84956,90602,102636,118998,195084,192100,185860,185537,185558,190086,192281,192710,196428,198252,208173,205928,210154,201705,207998,202135,205741
0,76,146778,100095,80637,86098,97629,113657,185631,183534,177459,177472,177480,182135,184451,184480,189022,190954,200649,197810,202842,194481,200923,195353
0,77,140736,138663,94580,76177,81574,92372,108069,176113,174519,168753,168995,169150,173880,175976,176371,181109,182649,192964,190254,194992,187147,193672
0,78,132190,132208,130488,89008,71941,76968,87147,102473,166350,165065,159970,160398,160446,165186,167831,168110,172528,173904,185026,182088,186803,179483
0,79,113954,123174,123470,122079,83267,67209,72108,81582,96528,156454,155476,151031,151576,151324,156621,159055,159726,163761,165649,176220,173416,178223
0,80,108184,105097,114156,114373,113673,77309,62348,67129,75960,89777,146544,145529,141591,142181,142263,147581,149952,151137,154796,156848,167232,164605
0,81,95580,99089,96627,104820,105583,105057,71215,57623,61984,70394,83035,136396,135333,131777,133121,132971,138832,139950,141761,145560,147663,157853
0,82,85956,86734,90161,87843,95765,96601,96178,65127,52758,56928,64624,76068,126124,124683,122388,123448,123467,129180,130380,132191,135903,138075
0,83,72625,77052,78099,81133,79511,86747,87499,87529,59006,47950,51698,58806,69272,115286,114744,112505,113386,114263,119275,120731,122428,126198
0,84,63358,64313,68573,69518,72624,71258,77767,78742,78801,52838,43204,46605,53035,62311,105210,104433,102887,103106,104681,109366,110930,112646
0,85,53844,55516,56443,60093,61366,64196,62980,69062,69816,69898,46968,38580,41614,47198,55875,94910,94176,92894,93028,94931,99337,101038
0,86,44193,46570,48126,48717,52228,53299,56006,55220,60346,61200,61316,41277,34122,36601,42006,49292,84322,83875,82995,83097,85069,89419
0,87,36490,37659,39895,41085,41945,44939,45775,48363,47780,51872,53118,53167,35669,29719,32042,36772,42997,74008,73908,73188,73521,75381
0,88,30210,30466,31713,33453,34636,35326,37873,38872,40909,40417,44238,45317,45424,30252,25687,27535,31486,37320,64032,64221,63825,64199
0,89,23366,24761,25080,26185,27708,28681,29262,31346,32306,33978,33759,37115,38141,37928,25542,21791,23414,26909,31785,54759,55022,54897
0,90,16858,18896,20110,20320,21425,22618,23409,23890,25656,26286,27890,27774,30532,31114,31530,21217,18159,19675,22592,26403,45891,46464
0,91,12422,13331,15082,16028,16281,17155,18028,18629,19206,20388,20993,22377,22385,24339,25474,25461,17133,14680,15923,18421,21506,37857
0,92,8661,9527,10375,11608,12604,12724,13441,14033,14518,14956,15922,16431,17527,17479,19477,20300,20524,13600,11718,12705,14658,17105
0,93,6091,6488,7135,7969,8903,9580,9619,10355,10804,11064,11445,12284,12468,13377,13640,15125,15647,16152,10853,8956,9790,11237
0,94,4158,4525,4731,5084,5992,6670,7105,7178,7795,8074,8293,8527,9124,9207,10264,10274,11281,11921,12434,8111,6678,7268
0,95,2325,2955,3276,3343,3597,4431,4923,5146,5285,5697,5947,6208,6308,6577,6826,7550,7484,8250,8644,9322,5962,4802
0,96,1661,1613,2084,2264,2376,2493,3179,3615,3688,3729,4103,4256,4495,4384,4697,4805,5338,5372,5960,6073,6677,4096
0,97,1099,1148,1100,1467,1549,1566,1639,2239,2684,2588,2576,2863,2956,3132,3066,3187,3366,3716,3820,4001,3985,4543
0,98,622,742,785,718,1007,994,1049,1082,1613,1844,1754,1707,1922,1944,2191,1949,2178,2246,2513,2483,2488,2476
0,99,490,410,504,509,476,662,608,682,716,1117,1262,1169,1151,1218,1344,1490,1258,1430,1482,1525,1477,1341
0,100,467,591,584,649,743,780,875,888,958,980,1316,1708,1868,1960,2103,2334,2443,2140,2238,2220,2196,1980
1,0,379319,378518,370754,355103,355311,364215,364878,361651,366547,369731,384619,383317,377643,377523,378844,382399,390493,385472,389674,400533,404792,402391
1,1,379358,376728,375572,367874,352368,353097,361186,362793,358699,367521,370422,385832,383994,378164,377166,378848,383486,392468,387560,388545,399423,403787
1,2,383016,381258,378271,376859,369253,353682,354448,362181,364074,360449,369368,372254,387964,385634,379712,377923,380516,385245,394193,387413,388387,399278
1,3,383078,383240,381473,378439,376842,369188,353415,354647,361573,366290,362604,371646,374613,390622,387886,381892,381186,383914,388266,394649,387921,388870
1,4,388872,384335,384273,382642,379575,377661,369875,354046,355613,363835,368613,364861,374028,377136,393525,390376,385119,384611,386110,388885,395261,388570
1,5,384960,389918,385281,385123,383659,380575,378211,370606,354576,357334,365832,370660,366821,376144,379534,396246,393478,386747,387250,386497,389306,395655
1,6,380851,385574,390606,386022,385796,384484,381312,378757,371218,356466,359109,367889,372748,368895,378498,382134,398979,395575,389510,387742,386991,389798
1,7,374714,381626,385807,391067,386406,386144,384973,381867,379113,373238,358405,361000,370004,374914,371154,381024,385148,401286,397165,390112,388357,387591
1,8,399559,375709,382681,386534,391973,387294,386942,386141,383047,380995,375302,360430,362973,372172,377248,373460,382909,387539,403489,397973,390925,389178
1,9,403771,400328,376716,383827,387353,392900,388157,387927,387531,385271,382861,377385,362465,364984,374568,379574,375258,384110,388557,404452,398935,391898
1,10,405111,403687,399840,376607,383798,387008,392720,387902,387900,390369,387558,384852,379598,364681,367290,376935,381150,377322,385246,389764,405682,400147
1,11,382943,405284,403777,399697,376773,384063,386964,392944,388569,391190,393100,389818,386890,381896,367073,369475,379373,382390,379204,386538,391082,407001
1,12,374913,384278,406282,404717,400278,377502,384791,387441,393707,391417,394328,395820,392096,389043,384401,369382,371844,380724,384167,380512,387854,392410
1,13,378061,375730,385148,406990,405376,400610,378120,385544,388292,396296,394049,397316,398478,394390,391308,386727,370474,373295,382985,385405,381789,389121
1,14,368949,379019,376833,386335,407862,406178,401056,378868,386575,391316,399391,397109,400706,401559,397540,393424,389082,371320,374080,384117,386577,382990
1,15,382468,369917,380131,378192,387703,408952,407078,401943,380117,388340,394381,402543,400340,404057,404835,400588,395274,390277,373484,375338,385435,387932
1,16,408833,383075,371187,381604,379912,389408,410280,408803,403610,382100,390267,397660,406021,403268,407750,408094,402983,399173,394583,374872,376792,386943
1,17,438189,408970,384038,372414,382591,380405,389939,410739,409474,404994,383843,392040,400755,408733,406458,411128,408990,406070,402825,395459,375852,377809
1,18,449518,438331,409096,384243,372642,382470,380113,389841,410612,410098,406310,385539,393879,403676,412162,409657,411373,409625,406271,403458,396170,376590
1,19,452386,448771,437507,408538,383329,371647,381405,378798,388663,410978,410256,407012,386609,395398,406240,414751,408813,410338,408496,406319,403622,396366
1,20,441020,450949,447470,435842,407191,381779,370298,380046,377307,387896,411211,410175,407542,387641,396038,408027,411644,405854,406579,407884,405850,403175
1,21,437543,439929,450098,446484,434338,406218,380739,369425,379106,376834,387625,411750,410515,408156,388452,396665,403847,406703,401520,405993,407495,405477
1,22,430969,436105,437906,448065,444207,432165,404765,379551,368499,378941,376696,387677,412577,410893,408864,389290,394953,401279,403963,401091,405776,407298
1,23,429191,430295,435209,436379,446181,442487,430408,404131,379088,368923,379330,377276,388263,413701,411692,409880,387960,394407,400014,403911,401258,406015
1,24,441051,428807,429909,434057,434478,444395,440999,429136,404766,379572,369760,380256,378283,389067,415017,412580,410113,386179,393909,400325,404474,401947
1,25,443183,441229,428987,429646,432920,433089,443330,440422,428972,404884,380427,370968,381483,379409,390168,416599,413056,410340,385813,394294,400988,405288
1,26,451801,444033,442737,429835,429670,432633,432598,443292,440844,429713,405614,381944,372626,383008,380908,391697,418257,413226,410955,386339,395083,401915
1,27,449569,453294,445383,443880,430371,429701,432450,432526,443664,442074,431246,407091,383957,374858,385221,383099,393955,420023,415961,411843,387497,396374
1,28,437583,450458,454807,446307,444592,430920,429988,432967,433022,444905,444187,433690,409402,386642,377496,388444,385087,396425,421723,417599,413673,389496
1,29,444212,439499,452872,457077,447692,445847,431861,430810,433535,435310,446713,447003,436685,412220,390035,380766,391224,387994,398979,423964,420080,416287
1,30,443496,445454,441031,454442,458642,448917,447148,433455,432259,435701,437895,449027,450067,440070,415419,393440,383744,394240,390228,401439,426628,422866
1,31,445807,444756,447163,442543,455762,460019,449770,448386,434379,434784,437853,440775,451412,453292,443530,418255,396845,386335,397200,392616,404045,428957
1,32,438112,446884,445850,448259,443468,456755,461187,450833,449551,436514,437084,440009,443488,453698,456223,446237,421603,399246,387674,399068,394675,405942
1,33,440739,438836,447940,446673,448860,443854,457239,461851,451179,451513,438595,439187,441890,445934,455842,458645,447842,424627,401261,389262,400722,396227
1,34,439475,441491,439563,448829,447042,449156,444063,457586,462252,452853,453302,440630,441228,443731,448220,457304,460857,449748,426048,402546,390707,402238
1,35,439183,439851,442174,440144,449329,447211,449385,444323,457775,463554,454676,455114,442654,443285,445542,450089,460889,462520,451320,427283,403896,392159
1,36,439265,439736,440730,443111,440780,450021,447521,449916,444523,459461,464783,456396,456983,444646,445296,446642,452673,461948,464632,452385,428451,405174
1,37,432395,439613,439644,440673,442995,440419,449673,446842,449315,445933,461061,465893,458056,458830,446555,446764,449135,455513,464492,465640,453454,429674
1,38,440244,432544,440039,439739,440635,443003,440262,449715,446517,450235,447233,462565,467070,459740,460506,447876,448119,450592,456684,465330,466532,454438
1,39,433152,440641,433160,440748,439904,440708,443083,440169,449480,447767,451088,448408,463962,468135,461338,461713,448464,449965,451368,457355,466078,467279
1,40,449983,433071,440365,432989,440628,439407,440217,442734,439622,450428,448922,451876,449594,465418,469206,462466,462646,448872,450877,452023,458063,466876
1,41,444995,449385,432947,439984,432784,440442,439026,439837,442328,440562,451159,449926,452546,450628,466663,469575,463808,463254,449405,451345,452556,458689
1,42,443353,444390,448776,432653,439451,432348,440124,438523,439350,442800,441351,451744,450863,453101,451548,467487,470143,464168,462277,449684,451632,452972
1,43,436516,442465,443692,447910,432059,438571,431577,439512,437581,440006,443063,441968,452126,451561,453443,451998,467444,470315,463951,462248,449786,451747
1,44,417111,436269,441957,443297,447240,431608,437865,430986,438927,438169,440588,443218,442532,452477,452201,453412,452519,466473,471094,463790,462143,449717
1,45,318519,416108,435357,440898,442326,446171,430896,437029,430377,439077,438588,440906,443158,442977,452638,452508,454007,452056,466732,470708,463521,461912
1,46,314835,317731,415336,434509,439900,441378,445073,430167,436172,430864,439093,438825,441190,443041,443273,452478,452643,453502,452468,466353,470377,463256
1,47,307991,314855,317291,414817,433840,438965,440491,443940,429334,436851,431274,439026,439020,441356,442891,443315,451693,452325,453042,451926,465777,469868
1,48,287651,307261,314270,316393,413723,432801,437853,439552,442953,429380,437478,431564,438991,439113,441411,442436,443748,450957,450791,452401,451353,465253
1,49,260317,287561,307153,314239,315981,413161,432205,437059,438825,443391,429294,438067,431789,438755,439224,441318,442263,442911,449683,450094,451744,450796
1,50,275952,259984,286882,306429,313530,314909,411925,430900,435574,439137,443722,429178,438578,432009,438557,439114,441437,441771,442286,449007,449443,451151
1,51,296266,275040,259514,286052,305589,312828,313848,410750,429792,435969,439295,443927,428930,438836,431993,438038,437879,440993,440359,441273,448042,448490
1,52,294763,295579,274421,259182,285322,304827,312127,312754,409504,430230,436298,439409,444075,428583,439151,431902,437092,437691,439436,439327,440315,447016
1,53,296040,293903,294808,273762,258780,284634,304147,311570,311950,410012,430641,436641,439479,444168,428352,439472,430702,436485,437026,438405,438375,439354
1,54,301638,295153,292955,293858,272819,258116,283577,303050,310522,312256,410493,431079,436943,439479,444190,427965,438127,429804,435665,436053,437406,437342
1,55,301516,300261,293862,291771,292593,271625,257267,282369,301886,310487,312407,410759,431303,437070,439356,444056,427179,437645,428460,434470,434913,436222
1,56,311926,300438,299342,292994,290973,291875,270886,256912,281784,301950,310395,312552,410947,431426,437231,439123,444177,426133,436437,427228,433278,433597
1,57,308005,310895,299144,298062,291903,289823,290688,269784,256143,282078,301866,310191,312513,411012,431436,437167,437835,444221,425196,435062,425788,431953
1,58,321485,306480,309721,297826,296816,290834,288723,289700,268822,256002,282247,301683,309913,312444,411081,431336,436625,437262,443018,423672,433592,424292
1,59,320505,320193,305355,308828,296752,295731,289809,287599,288650,268868,255865,282297,301455,309561,312216,410928,430188,435020,435946,441309,422060,431835
1,60,326562,318801,318283,303520,307177,295049,294021,288276,286101,288357,268795,255505,282283,301091,309012,311804,408875,428903,433614,434208,439490,420355
1,61,311676,324960,317563,316911,302209,305952,293688,292767,287168,285774,287996,268617,255072,282100,300581,308369,310751,406877,424899,431809,432267,437535
1,62,312848,309816,322835,315701,315038,300450,304388,292092,291257,286650,285417,287467,268342,254482,281824,299928,306544,309862,403930,422893,429729,430217
1,63,306551,310665,307928,320550,313793,312915,298506,302733,290418,290894,285931,284870,286841,267842,253849,281357,298023,305416,307915,401858,420653,427505
1,64,308596,304571,308522,305945,318305,311800,310742,296371,300773,289951,290411,285076,284188,286025,267304,253034,279403,296698,303907,306150,399681,418311
1,65,307530,306084,302141,306050,303612,315778,309449,308414,294176,299811,289370,289645,284050,283313,285019,266630,251428,277540,294549,301993,304311,397283
1,66,299562,304731,303313,299545,303295,300904,312909,306943,305853,293233,298599,288534,288773,282809,282402,283805,264796,249628,276010,292565,299914,302262
1,67,298001,297086,301864,300481,296739,300322,298116,309718,304129,304691,291979,297157,287379,287581,281521,281151,281521,262527,247666,273866,290365,297703
1,68,297055,295135,294349,298704,297621,293883,297475,295414,306907,302401,303430,290524,295603,286133,286418,280002,278729,279863,260966,245651,271681,288004
1,69,303060,293635,291818,291142,295146,294211,290523,293953,292171,305022,300397,301962,288835,293714,284813,284915,276758,277010,277036,258680,243391,269355
1,70,303387,299217,289889,288068,287582,291452,290558,287124,290709,289768,302860,298154,300079,286852,291716,283270,281246,274089,274969,274336,256287,241145
1,71,182581,299139,295286,286020,284402,283960,287484,286825,283445,288258,287072,300429,295607,297875,284772,289299,279785,278846,270740,272054,271420,253632
1,72,158661,180113,294513,291060,281726,280226,279997,283268,282702,280583,285347,284041,297694,292544,295570,282378,285527,276481,275423,267661,268927,268400
1,73,138459,155684,177101,289269,286265,276984,275608,275810,278845,279187,277481,282153,280769,294515,289483,292944,278935,280841,272701,271905,264321,265545
1,74,128244,136089,152881,174256,283954,281199,271912,270752,271176,274817,275377,273835,278637,277007,291310,286173,288125,273944,277233,268754,268185,260651
1,75,156086,125345,133006,149276,170632,277553,275136,266127,264939,266528,270487,271012,269869,274534,273248,287578,281317,282928,270152,272956,264719,264336
1,76,227564,151927,121989,129594,145527,166616,270875,268949,260221,259840,261459,265665,266273,265179,270348,269014,282355,275550,277458,265378,268290,260278
1,77,221046,221014,147389,118458,125979,141506,162372,263520,262188,254318,254367,255829,260135,260905,260556,265590,263223,275872,269540,272144,260157,263343
1,78,215971,214042,214387,142688,114972,122141,137222,157887,255880,255083,248068,248402,249412,253944,255643,255162,259267,256850,269663,263727,266357,254691
1,79,193916,207900,206418,206718,137446,110767,117791,132358,152722,247921,247561,241188,241832,242205,247705,249462,248629,252012,250045,263043,257350,260203
1,80,192123,185438,199183,197712,198612,131899,106472,113288,127267,146895,239501,239292,233591,234284,235276,240644,241733,240216,243341,242914,255717,250301
1,81,178768,182918,176832,189786,188653,189839,125761,101707,108406,121960,140762,230304,230260,224904,226917,227185,232371,233238,231664,235423,235027,247912
1,82,167417,168705,172976,167447,180059,178971,180387,119391,96655,103367,116415,134202,220221,219960,216487,218461,217777,222842,223238,222987,226803,226664
1,83,149405,156837,158524,162356,157964,169658,168673,170527,112694,91272,98010,110498,126881,208860,210002,207097,207045,207870,212593,213539,213670,217470
1,84,137027,138547,145738,147354,151664,147479,158410,157859,159728,105376,85687,92341,103932,118963,198107,198918,195572,195672,196841,202081,203160,203786
1,85,121622,125728,127466,134018,136166,139978,136328,146608,146125,148374,97763,79782,86194,96666,111369,186015,186739,183013,183980,185433,190880,192204
1,86,107693,110254,114417,115677,122345,124367,127977,124952,134355,133930,136531,90082,73640,79631,90004,103028,172770,172877,170595,171861,173592,178894
1,87,93362,96337,99164,102557,104598,110235,112394,115913,113169,121650,121695,124378,82031,66806,73402,82625,94663,158533,159125,157757,159393,161302
1,88,81448,82460,85307,87690,91462,92966,98068,100130,103531,100939,108887,109578,112074,73405,60906,66771,75052,85758,143667,145141,144426,146396
1,89,68572,70789,71792,74149,76960,79982,81435,86111,87912,91045,89025,96362,96971,98826,65697,54562,59717,67330,76845,129179,131079,131158
1,90,52506,58499,60925,61670,64088,66464,68897,70279,74664,75784,79133,77589,83755,83734,87455,57588,48051,52814,59181,67987,114721,117028
1,91,41044,44080,49222,51118,52392,54271,56089,58511,59636,63284,64597,67532,66159,70832,72626,75634,49962,41607,45917,51538,59239,100535
1,92,31210,33545,36428,40603,42606,43634,44926,46667,48664,49356,52600,53955,56409,54774,60397,61618,63963,42778,35595,39377,44288,50895
1,93,24017,25000,27021,29363,33144,34620,35641,36566,38020,39540,40281,42747,44177,45683,45578,50052,51471,53605,35545,29972,33158,37467
1,94,18095,18803,19637,21242,23394,26496,27529,28463,29046,30142,31362,32118,34002,34753,37244,36752,40713,41935,43871,28944,24563,27341
1,95,12609,13883,14320,15102,16546,18153,20624,21416,22212,22455,23298,24554,24980,26104,27514,29593,29336,32528,33500,35150,23197,19744
1,96,8904,9461,10471,10649,11373,12390,13811,15708,16259,16894,16977,17654,18608,18554,20193,20938,22802,23019,25192,25915,27540,18177
1,97,6250,6468,6963,7665,7791,8321,9041,10270,11735,11974,12616,12514,12950,13340,13859,14853,15699,17532,17433,18879,19545,20895
1,98,3725,4470,4699,5007,5606,5423,5900,6488,7450,8466,8672,9134,9007,8998,9755,9791,10985,11464,12873,12811,13809,14496
1,99,2566,2488,3132,3300,3640,3951,3594,4086,4517,5267,6013,6080,6381,6109,6369,6699,6945,7881,8084,9176,9208,9621
1,100,3418,3788,3874,4365,4905,5523,6232,6371,6796,7181,8128,9323,10077,10433,11079,11241,11983,12800,13572,14063,15096,15584
